124742926
125013938
118248164
52341152
118528503
118526695
118526595
121245281
106379156
73795655
21045531
47374311
22044777
88213615
119070834
50693558
49206793
75557641
125278584
8285447
120461391
48385090
814103
53827004
75553081
117286354
121405785
125358606
59032382
118208157
114586776
114586769
121405779
37889069
48393012
51428110
47370477
92613134
92610138
21061945
51428073
90212662
114580389
121405787
125897191
105038687
127363787
92613021
55651297
8286081
122474835
120460518
95995234
47410833
124838988
21043975
122202411
121405782
76472905
92621126
72864540
114580388
122474850
125900542
114586774
105800902
114580390
120453822
127372648
92621084
92621088
114580393
114586770
92610142
92613018
114586768
125891631
92610140
81602582
81961413
95996882
119257374
127257005
105038651
127257853
73159012
115765061
8286686
117833976
73177243
92555400
125433528
108591544
127971619
128727779
125293097
117598347
113098214
117806374
127360242
114880901
113098144
113098112
122202413